cubeArea: 
0x6003f0:	600	1176	1014	8214	17496	1176	5046	24576
0x600400:	26934	6936	5766	1014	2400	22326	7776	1176
0x600410:	16854	11616	2166	10584	11616	16224	5766	10584
0x600420:	18816	1350	3456	7776	33750	12696	4374	10086
0x600430:	16854	23064	600	6534	96	31974	5766	1350
0x600440:	150	726	2904	6534	29400	1350	3174	1350
0x600450:	23814	4056	1536	1014	24576	16854	25350	4056
0x600460:	864	19494	26934	6936	3456	6534	600	22326
0x600470:	1350	8664	31974	5046	1734	51894	24576	31974
0x600480:	32856	3174	18816	486	384	96	600	1350
0x600490:	1014	3174	16854	26934	7350	1176	6936	1014
0x6004a0:	30246	39366	1734	1176	1734	3750	16854	3174
0x6004b0:	31974	1350	216	1014

areaSum: 	0x6003ca:	1043580
minArea: 	0x6003c4:	96

maxArea: 	0x6003c8:	51894

midArea: 	0x6003c6:	2796



cubeVolumes:0x6004b8:	1000	2744	2197	50653
0x6004c8:	157464	2744	24389	262144
0x6004d8:	300763	39304	29791	2197
0x6004e8:	8000	226981	46656	2744
0x6004f8:	148877	85184	6859	74088
0x600508:	85184	140608	29791	74088
0x600518:	175616	3375	13824	46656
0x600528:	421875	97336	19683	68921
0x600538:	148877	238328	1000	35937
0x600548:	64	389017	29791	3375
0x600558:	125	1331	10648	35937
0x600568:	343000	3375	12167	3375
0x600578:	250047	17576	4096	2197
0x600588:	262144	148877	274625	17576
0x600598:	1728	185193	300763	39304
0x6005a8:	13824	35937	1000	226981
0x6005b8:	3375	54872	389017	24389
0x6005c8:	4913	804357	262144	389017
0x6005d8:	405224	12167	175616	729
0x6005e8:	512	64	1000	3375
0x6005f8:	2197	12167	148877	300763
0x600608:	42875	2744	39304	2197
0x600618:	357911	531441	4913	2744
0x600628:	4913	15625	148877	12167
0x600638:	389017	3375	216	2197

volumeSum: 	0x6003dc:	10245242

minVolume: 	0x6003d0:	64

maxVolume: 	0x6003d8:	804357
